0.007874015718698502
0.007874015718698502
0.007874015718698502
0.007874015718698502
0.007874015718698502
0.007874015718698502
0.007874015718698502
0.007874015718698502
0.007874015718698502
0.007874015718698502
0.007874015718698502
0.007874015718698502
0.007874015718698502
0.007874015718698502
0.007874015718698502
0.007874015718698502
0.007874015718698502
0.007874015718698502
0.007874015718698502
0.007874015718698502
0.007874015718698502
0.007874015718698502
0.007874015718698502
0.007874015718698502
0.007874015718698502
0.007874015718698502
0.007874015718698502
0.007874015718698502
0.007874015718698502
0.007874015718698502
0.007874015718698502
0.007874015718698502
0.007874015718698502
0.015748031437397003
0.023622047156095505
0.023622047156095505
0.03937007859349251
0.04724409431219101
0.05511811003088951
0.06299212574958801
0.07086614519357681
0.07874015718698502
0.10236220806837082
0.13385826349258423
0.20472441613674164
0.29133859276771545
0.36220473051071167
0.4251968562602997
0.4881889820098877
0.5118110179901123
0.5354330539703369
0.5433070659637451
0.5511810779571533
0.5511810779571533
0.5511810779571533
0.5590550899505615
0.5590550899505615
0.5590550899505615
0.5590550899505615
0.5590550899505615
0.5590550899505615
0.5590550899505615
0.5590550899505615
0.5511810779571533
0.5511810779571533
0.5433070659637451
0.5433070659637451
0.5354330539703369
0.5354330539703369
0.5275590419769287
0.5275590419769287
0.5275590419769287
0.5275590419769287
0.5275590419769287
0.5275590419769287
0.5275590419769287
0.5275590419769287
0.5275590419769287
0.5275590419769287
0.5275590419769287
0.5275590419769287
0.5275590419769287
0.5275590419769287
0.5275590419769287
0.5275590419769287
0.5275590419769287
0.5275590419769287
0.5275590419769287
0.5275590419769287
0.5275590419769287
0.5275590419769287
0.5275590419769287
0.5275590419769287
0.5275590419769287
0.5275590419769287
0.5275590419769287
0.5275590419769287
0.5275590419769287
0.5275590419769287
0.5275590419769287
0.5354330539703369
0.5354330539703369
0.5354330539703369
0.5354330539703369
0.5354330539703369
0.5354330539703369
0.5354330539703369
0.5354330539703369
0.5354330539703369
0.5354330539703369
0.5354330539703369
0.5354330539703369
0.5354330539703369
0.5354330539703369
0.5354330539703369
0.5354330539703369
0.5354330539703369
0.5354330539703369
0.5354330539703369
0.5354330539703369
0.5354330539703369
0.5354330539703369
0.5275590419769287
0.5196850299835205
0.4881889820098877
0.4409448802471161
0.3937007784843445
0.3385826647281647
0.29133859276771545
0.21259842813014984
0.15748031437397003
0.09448818862438202
0.06299212574958801
0.031496062874794006
0.007874015718698502
0.0
-0.015625
-0.0234375
-0.0390625
-0.046875
-0.0625
-0.078125
-0.09375
-0.109375
-0.1171875
-0.125
-0.171875
-0.21875
-0.25
-0.2734375
-0.2890625
-0.3046875
-0.3203125
-0.328125
-0.328125
-0.3359375
-0.3359375
-0.3359375
-0.34375
-0.3515625
-0.359375
-0.375
-0.3984375
-0.40625
-0.4140625
-0.4140625
-0.4296875
-0.4453125
-0.4453125
-0.4609375
-0.484375
-0.484375
-0.5234375
-0.546875
-0.5546875
-0.5546875
-0.5703125
-0.5703125
-0.578125
-0.578125
-0.578125
-0.578125
-0.578125
-0.578125
-0.578125
-0.578125
-0.578125
-0.578125
-0.578125
-0.578125
-0.578125
-0.578125
-0.578125
-0.578125
-0.578125
-0.578125
-0.578125
-0.578125
-0.578125
-0.578125
-0.578125
-0.578125
-0.578125
-0.578125
-0.578125
-0.578125
-0.578125
-0.578125
-0.578125
-0.578125
-0.578125
-0.578125
-0.578125
-0.578125
-0.578125
-0.578125
-0.578125
-0.578125
-0.578125
-0.578125
-0.578125
-0.5703125
-0.546875
-0.5234375
-0.46875
-0.40625
-0.1328125
-0.1171875
-0.0859375
-0.0625
-0.046875
-0.0390625
-0.03125
-0.03125
-0.0234375
-0.0234375
-0.0234375
-0.0234375
-0.015625
-0.015625
-0.015625
-0.015625
-0.015625
-0.015625
-0.015625
-0.0078125
-0.0078125
-0.0078125
-0.0078125
-0.0078125
-0.0078125
-0.0078125
